radix = 10; 
coefdata = 0.8822,0.2026,0.11702,0.082885,0.064158,0.052079,0.043472,0.03691,0.031658,0.027304,0.023598,0.020382,0.017551,0.015034,0.012781,0.010756,0.0089314,0.0072863,0.0058045,0.0044722,0.0032778,0.0022109,0.0012619,0.00042173,-0.00031819,-0.00096633,-0.0015309,-0.00202,-0.0024415,-0.0028031,-0.0031121,-0.0033755,-0.0036001,-0.003792,-0.0039568,-0.0040999,-0.0042257,-0.0043382,-0.0044409,-0.0045364,-0.0046271,-0.0047146,-0.0047999,-0.0048838,-0.0049665,-0.0050479,-0.0051277,-0.0052051,-0.0052794,-0.0053497,-0.0054151,-0.0054747,-0.0055275,-0.0055728,-0.0056101,-0.0056388,-0.0056586,-0.0056695,-0.0056716,-0.005665,-0.0056503,-0.005628,-0.0055988,-0.0055634,-0.0055229,-0.0054779,-0.0054295,-0.0053786,-0.0053259,-0.0052722,-0.0052182,-0.0051644,-0.0051114,-0.0050593,-0.0050084,-0.0049589,-0.0049106,-0.0048634,-0.0048171,-0.0047714,-0.004726,-0.0046805,-0.0046345,-0.0045876,-0.0045395,-0.0044898,-0.0044384,-0.0043849,-0.0043293,-0.0042716,-0.0042116,-0.0041497,-0.0040858,-0.0040203,-0.0039535,-0.0038857,-0.0038172,-0.0037484,-0.0036797,-0.0036115,-0.0035441,-0.0034778,-0.0034129,-0.0033496,-0.0032881,-0.0032284,-0.0031706,-0.0031147,-0.0030606,-0.0030081,-0.0029572,-0.0029075,-0.0028588,-0.002811,-0.0027637,-0.0027166,-0.0026697,-0.0026226,-0.0025752,-0.0025273,-0.0024789,-0.0024298,-0.0023801,-0.0023298,-0.0022789,-0.0022276,-0.002176,-0.0021243,-0.0020725,-0.002021,-0.0019699,-0.0019194,-0.0018697,-0.0018208,-0.0017731,-0.0017264,-0.001681,-0.0016369,-0.001594,-0.0015523,-0.0015119,-0.0014725,-0.0014341,-0.0013966,-0.0013598,-0.0013237,-0.0012879,-0.0012526,-0.0012174,-0.0011823,-0.0011472,-0.0011121,-0.0010769,-0.0010415,-0.0010061,-0.0009706,-0.0009351,-0.00089968,-0.00086442,-0.00082943,-0.00079481,-0.00076069,-0.00072716,-0.00069433,-0.00066228,-0.0006311,-0.00060084,-0.00057152,-0.00054317,-0.00051577,-0.00048929,-0.00046369,-0.00043888,-0.00041478,-0.0003913,-0.00036832,-0.00034573,-0.00032342,-0.00030129,-0.00027921,-0.00025712,-0.00023492,-0.00021257,-0.00019001,-0.00016723,-0.00014422,-0.000121,-0.00009761,-0.000074096,-0.000050525,-0.000026975,-0.00000353,0.000019719,0.000042682,0.000065269,0.000087399,0.00010899,0.00012999,0.00015035,0.00017001,0.00018898,0.00020723,0.00022478,0.00024166,0.00025789,0.00027353,0.00028862,0.00030324,0.00031744,0.00033129,0.00034485,0.00035816,0.00037129,0.00038427,0.00039713,0.00040988,0.00042253,0.00043507,0.00044748,0.00045973,0.00047179,0.00048361,0.00049514,0.00050634,0.00051714,0.0005275,0.00053739,0.00054675,0.00055557,0.00056383,0.00057153,0.00057866,0.00058525,0.00059134,0.00059695,0.00060215,0.00060699,0.00061155,0.00061588,0.00062006,0.00062417,0.00062828,0.00063244,0.00063673,0.00064117,0.00064583,0.00065072,0.00065586,0.00066126,0.0006669,0.00067279,0.00067888,0.00068514,0.00069153,0.00069801,0.00070452,0;